select	coalesce(pa11.MRCH_NBR, pa12.MRCH_NBR, pa13.MRCH_NBR)  MRCH_NBR,
	max(coalesce(pa11.MRCH_DESC, pa12.MRCH_DESC, pa13.MRCH_DESC))  MRCH_DESC,
	coalesce(pa11.LOCN_NBR, pa12.LOCN_NBR, pa13.LOCN_NBR)  LOCN_NBR,
	max(a15.LOCN_NM)  LOCN_NM,
	coalesce(pa11.WK_NBR, pa12.WK_NBR, pa13.WK_NBR)  WK_NBR,
	max(Substr(a16.WK_NBR,10,11)||' '|| a16.WK_END_DT)  WK_DESC0,
	max(pa11.KMARTLISTSELL)  KMARTLISTSELL,
	max(pa12.WJXBFS1)  KMARTEVENTSALES,
	max(pa12.WJXBFS2)  KMARTEVENTSALESUNITS,
	max(pa13.WJXBFS1)  KMARTTOTALSALES,
	max(pa13.WJXBFS2)  KMARTTOTALSALESUNITS
from	(select	pa13.WK_NBR  WK_NBR,
		pa13.MRCH_NBR  MRCH_NBR,
		max(pa13.MRCH_DESC)  MRCH_DESC,
		pa13.LOCN_NBR  LOCN_NBR,
		sum(ZEROIFNULL((pa11.KMARTTOTALSALESUNITS * pa13.KMARTLISTSELLPRICE)))  KMARTLISTSELL
	from	(select	a11.WK_NBR  WK_NBR,
			a11.VEND_PACK_ID  VEND_PACK_ID,
			a11.LOCN_NBR  LOCN_NBR,
			sum((a11.TRS_UN_QT * a11.TY_CTR))  KMARTTOTALSALESUNITS
		from	ALEX_ARP_VIEWS_PRD.FACT_SHC_WKLY_OPR_SLS_TYLY	a11
			join	ALEX_ARP_VIEWS_PRD.LU_SHC_VENDOR_PACK	a12
			  on 	(a11.VEND_PACK_ID = a12.VEND_PACK_ID)
		where	(a12.MRCH_NBR in (10000)
		 and a11.WK_NBR in (201608)
		 and a11.LOCN_NBR in (sel locn from shc_work_tbls.sears_all_stores where test_nm = 'Basics 1' and wk_no = 8)
		 and a11.VEND_PACK_ID in (1990218, 1995507, 1995518, 2017614, 2020055, 2020056, 2022607, 2022702, 2022704, 2022722, 2032978, 2032979, 2033107, 2033115, 2033116, 2033160, 2033414, 2037430, 2043611, 2053306, 2053452, 2065068, 2065069, 2065070, 2065071, 2065072, 2065073, 2065074, 2065076, 2065077, 2065078, 2065079, 2065080, 2065082, 2065083, 2065100, 2065102, 2065103, 2065104, 2065105, 2065106, 2065107, 2065109, 2065110, 2065115, 2065116, 2065117, 2065118, 2065119, 2514735, 2514736, 2514737, 2514739, 2514740, 2514741, 2514743, 2514744, 2514745, 2514747, 2514748, 2514750, 2514751, 2514753, 2514754, 2514756, 2514757, 2514758, 2514759, 2514760, 2514761, 2531530, 2531531, 2531532, 2531533, 2531534, 2531535, 2531536, 2531538, 2531539, 2531541, 2531542, 2531543, 2531544, 2531545, 2531546, 2531547, 2531548, 2531549, 2531550, 2531551, 2531552, 2531554, 2531555, 2531556, 2531557, 2531558, 2531559, 2531560, 2531561, 2531562, 2531563, 2531564, 2531565, 2531566, 2531567, 2531568, 2531569, 2531570, 2531571, 2531572, 2531573, 2531574, 3419708, 3419719, 3419721, 3419722, 3419723, 4319474, 4319475, 4319476, 4319477, 4319478, 4319479, 4319480, 4319481, 4319482, 4319483, 4319484, 4319485, 4319486, 4319487, 4319488, 4319489, 4319490, 4319491, 4319492, 4319493, 4319494, 4522191, 4522194, 4522195, 4522196, 4522197, 4522198, 4522233, 4522234, 4522236, 4522243, 4929203, 4929204, 4929205, 4929206, 4929207, 4929208, 4929210, 4929212, 4929213, 4929214, 4929224, 4929225, 4929226, 4929227, 4929228, 4931294, 4931296, 4931297, 4931298, 4931299, 4931333, 4931352, 4931353, 4931354, 4931355, 4931357, 4931358, 4931359, 4931360, 4931389, 4931416, 4931417, 4931418, 4931419, 4931420, 4931579, 4931581, 4931589, 4931600, 4931601, 4931604, 4931606, 4931610, 4931612, 4931614, 4968535, 4968540, 4968545, 4968550, 4968552, 4968700, 4968706, 4968710, 4968714, 4968718, 4968730, 4968732, 4968733, 4968751, 4968754, 4968762, 4968827, 4968830, 4968835, 4968838, 4969057, 4969063, 4969068, 4969072, 4969074, 4969122, 4969125, 4969127, 4969129, 4969130, 4969156, 4969157, 4969158, 4969159, 4969160, 4969169, 4969172, 4969173, 4969174, 4969180, 4969181, 4969182, 4969183, 4969185, 4969186, 4969627, 4969628, 4969629, 4969632, 4969633, 5336313, 5336327, 5336329, 5336330, 5336337, 5336338, 5336339, 5336340, 5336341, 5336342, 5336352, 5336357, 5336360, 5336361, 5336378, 5336384, 5336388, 5336404, 5336417, 5336418, 5336532, 5336539, 5336578, 5336579, 5336582, 5336590, 5336594, 5336596, 5336598, 5336599, 5336641, 5336652, 5336654, 5336676, 5336686, 5336723, 5336726, 5336730, 5336735, 5336747, 5336755, 5336787, 5336800, 5336809, 5336828, 5336844, 5336846, 5336850, 5336880, 5336905, 5336926, 5336940, 5336941, 5336958, 5336965, 5336973, 5336978, 5337002, 5337012, 5337015, 7391904, 7392051, 7392121, 7392124, 7392143, 7392146, 7392151, 7392163, 7392171, 7392179, 7392189, 7392194, 7392196, 7392198, 7392200, 7392203, 7392213, 7392217, 7392226, 7392251, 7392261, 7392290, 7392307, 7392323, 7392324, 7392326, 7392332, 7392340, 7392342, 7392344, 7392347, 7392372, 7392379, 7392414, 7392442, 7392444, 7392449, 7392489, 7392519, 7392523, 7392589, 7392701, 7392708, 7392727, 7392739, 7392751, 7392755, 7392773, 7392851, 7392902, 7393216, 7393347, 7393350, 7393352, 7393378, 7393383, 7393412, 7393422, 7393427, 7393430, 7397713, 7397714, 7397715, 7397732, 7397825, 7397829, 7397838, 7397841, 7397844, 7397846, 7397847, 7397850, 7397858, 7397927, 7398029, 7398037, 7398039, 7398040, 7398041, 7398042, 7398045, 7398049, 7398051, 7398053, 7398059, 7398164, 7398167, 7398175, 7398191, 7398202, 7401849, 7401851, 7401854, 7401857, 7401885, 7401886, 7401887, 7401895, 7401901, 7401902, 7401922, 7401962, 7401963, 7401970, 7401976, 7401977, 7402030, 7402084, 7402246, 7402298, 7402375, 7402381, 7402383, 7402384, 7402387, 7402389, 7402391, 7402392, 7402434, 7402436, 7402441, 7402451, 7402465, 7402467, 7402531, 7402967, 7402973, 7402975, 7403032, 7403085, 7410600, 7410732, 7410735, 7410788, 7410843, 7410847, 7410902, 7410957, 7410963, 7411046, 7411095, 7411290, 7411344, 7411414, 7411419, 7411631, 7411633, 7411684, 7411688, 7411741, 7412185, 7412226, 7412294, 7412309, 7412363, 7412398, 7412442, 7412459, 7412497, 7412550, 7413397, 7413735, 7413737, 7413754, 7413760, 7413788, 7413794, 7413803, 7413814, 7413835, 7413867, 7413869, 7413873, 7413874, 7413925, 7413961, 7413966, 7413999, 7414017, 7414023, 7416305, 7416438, 7419583, 7419997, 7420053, 7420319, 7420361, 7420414, 7420467, 7420470, 7420532, 7420618, 7420643, 7420650, 7420664, 7420738, 7420752, 7420795, 7420875, 7420924, 7420976, 7421080, 7421081, 7421133, 7421184, 7421290, 7421299, 7421307, 7421315, 7421381, 7421391, 7421899, 7421910, 7421916, 7421925, 7421930, 7421935, 7421939, 7421947, 7421952, 7421977, 7431451, 7434196, 7434261, 7434318, 7434320, 7434657, 7434712, 7434788, 7434807, 7434906, 7434988, 7436534, 7436555, 7436558, 7436575, 7436576, 7436608, 7436621, 7436622, 7436629, 7436637, 7436660, 7436661, 7436665, 7436679, 7436695, 7436696, 7436706, 7436707, 7436708, 7436709, 7436711, 7436716, 7436720, 7436725, 7436726, 7436727, 7436728, 7436732, 7436742, 7436750, 7436753, 7436754, 7436755, 7655066, 7655067, 7655068, 7655069, 7655070, 7655071, 7655072, 7655073, 7655074, 7655075, 7655077, 7655080, 7655081, 7655082, 7655083, 7655084, 7655085, 7655086, 7655087, 7655088, 7655090, 7655091, 7655092, 7655093, 7655094, 7655095, 7655096, 7655097, 7655098, 7655099, 7888659, 7888660, 7888661, 7888662, 7888663, 7888664, 7888665, 7888666, 7888667, 7888668, 7888669, 7888670, 7888671, 7888672, 7943438, 7943439, 7943440, 7943441, 7943442, 7943443, 7943444, 7943445, 7943446, 7943451, 7943452, 7943453, 7943454, 7943455, 8001299, 8001300, 8001301, 8001302, 8001304, 8001306, 8001308, 8001767, 8001768, 8001769, 8001770, 8001772, 8001773, 8002028, 8002267, 8002519, 8002520, 8002521, 8002522, 8002523, 8002525, 8003349, 8003431, 8003432, 8003433, 8003434, 8003437, 8003438, 8003644, 8003724, 8003725, 8003727, 8003729, 8003730, 8003732, 8004205, 8004206, 8004207, 8004210, 8004212, 8004213, 8004214, 8223908, 8223909, 8223910, 8223912, 8223913, 8223914, 8223915, 8223916, 8223917, 8223918, 8223951, 8223952, 8223953, 8223954, 8223955, 8223956, 8223957, 8223958, 8223959, 8223960, 8223961, 8223962, 8223963, 8223964, 8223965, 8223966, 8223967, 8223968, 20692427, 20692429, 20692431, 20692432, 20692435, 20692437, 20692611, 20692613, 20692614, 20692615, 20692617, 20692618, 20692619, 20692620, 20692621, 20692622, 20692623, 20692624, 20692625, 20692627, 20692628, 20692629, 20692630, 20692631, 20692632, 20692633, 20692634, 20692635, 20692636, 20692637, 20692638, 20692639, 20692640, 27244711, 27244713, 27244714, 27244715, 27244716, 27244717, 27244718, 27244719, 27244720, 27244721, 27244722, 27244723, 27244724, 27244725, 27244726, 27244727, 27244729, 27244730, 27244731, 27244732, 27244733, 27244734, 27244735, 27244736, 27244737, 27244738, 27244739, 42872291, 42872292, 42872294, 42872295, 42872296, 42872297, 42872298, 42872299, 42872601, 42872602, 42872603, 42872604, 42872605, 42872606, 42872607, 42872608, 42872609, 42872610, 42872611, 42872612, 42872613, 52433612, 53261912, 53261913, 53261914, 53261915, 53261916, 53261917, 53261919, 53261920, 53261921, 53261922, 53261923, 53261924, 53261925, 53261926, 53261927, 53261928, 53261929, 53261931, 53261932, 53261933, 53261934, 92676711, 92676712, 92676713, 92676714, 92676715, 92676716, 92676717, 92676718, 92676719, 92676720, 92676721, 92676722, 92676723, 92676724, 92676725, 92676726, 92676727, 92676728, 92676729, 92676730, 92676731, 92676732, 92676733, 92676734, 92676812, 92676813, 92676814, 92676815, 92676816, 92676817, 92676819, 92676820, 92676821, 92676822, 92676823, 92676824, 92676825, 92676826, 92676827, 92676828, 92676829, 92676831, 92676832, 92676833, 92676834)
		 and a11.TRS_TYP_CD in ('A', 'R', 'S')
		 and a11.TYLY_DESC in ('TY'))
		group by	a11.WK_NBR,
			a11.VEND_PACK_ID,
			a11.LOCN_NBR
		)	pa11
		join	ALEX_ARP_VIEWS_PRD.LU_SHC_VENDOR_PACK	a12
		  on 	(pa11.VEND_PACK_ID = a12.VEND_PACK_ID)
		right outer join	(select	a11.WK_NBR  WK_NBR,
			a12.MRCH_NBR  MRCH_NBR,
			max(a12.MRCH_DESC)  MRCH_DESC,
			a11.LOCN_NBR  LOCN_NBR,
			avg((Case when a11.TYLY_DESC in ('TY') then ((a11.DFLT_SLL_PRC * a11.TY_CTR) * (a11.DFLT_SLL_PRC_MULT * a11.TY_CTR)) else NULL end))  KMARTLISTSELLPRICE,
			max((Case when a11.TYLY_DESC in ('TY') then 1 else 0 end))  GODWFLAG2_1,
			sum((Case when (a11.TRS_TYP_CD in ('A', 'R', 'S') and a11.MDS_STS in (2, 5, 8) and a11.TYLY_DESC in ('TY')) then (a11.TRS_SLL_DLR * a11.TY_CTR) else NULL end))  KMARTEVENTSALES,
			sum((Case when (a11.TRS_TYP_CD in ('A', 'R', 'S') and a11.MDS_STS in (2, 5, 8) and a11.TYLY_DESC in ('TY')) then (a11.TRS_UN_QT * a11.TY_CTR) else NULL end))  KMARTEVENTSALESUNITS,
			max((Case when (a11.TRS_TYP_CD in ('A', 'R', 'S') and a11.MDS_STS in (2, 5, 8) and a11.TYLY_DESC in ('TY')) then 1 else 0 end))  GODWFLAG4_1,
			sum((Case when (a11.TRS_TYP_CD in ('A', 'R', 'S') and a11.TYLY_DESC in ('TY')) then (a11.TRS_SLL_DLR * a11.TY_CTR) else NULL end))  KMARTTOTALSALES,
			sum((Case when (a11.TRS_TYP_CD in ('A', 'R', 'S') and a11.TYLY_DESC in ('TY')) then (a11.TRS_UN_QT * a11.TY_CTR) else NULL end))  KMARTTOTALSALESUNITS,
			max((Case when (a11.TRS_TYP_CD in ('A', 'R', 'S') and a11.TYLY_DESC in ('TY')) then 1 else 0 end))  GODWFLAG5_1
		from	ALEX_ARP_VIEWS_PRD.FACT_SHC_WKLY_OPR_SLS_TYLY	a11
			join	ALEX_ARP_VIEWS_PRD.LU_SHC_VENDOR_PACK	a12
			  on 	(a11.VEND_PACK_ID = a12.VEND_PACK_ID)
		where	(a12.MRCH_NBR in (10000)
		 and a11.WK_NBR in (201608)
		 and a11.LOCN_NBR in (3021, 7133, 4460, 4741, 3415, 4176, 4726, 9392, 7134, 4113, 4334, 7187, 3981, 4034, 9542, 3380, 7677, 9589, 3600, 3361, 3643, 3954, 7257, 4150, 9536, 3521, 3486, 4407, 9147, 4772, 7341, 9733, 3050, 3071, 3339, 3499, 3522, 3990, 4361, 4470, 7235, 7602, 7209, 4444, 9146, 3172, 4479, 7746, 3093, 7109, 3885, 7217, 4373, 9662, 3862, 4871, 9416, 9414, 3175, 3884, 3027, 3060, 3393, 3737, 7198, 9409, 3141, 4054, 4445, 4770, 4771, 7120, 9463, 4928, 7075, 7676, 7535, 9255, 4713, 9166, 4478, 4936, 3318, 3268, 7142, 3390, 3800, 3873, 4807, 4313, 3146, 7713, 4090, 4062, 3131, 4084, 4897, 3324, 3544, 3160, 3340, 3654, 3798, 3807, 4399, 7415, 7717, 9620, 7754, 9648, 4898, 3713, 3359, 3646, 9625, 3083, 7718, 4739, 7616, 7719, 3715, 7354, 9513, 9571, 7064, 7437, 3808, 4758, 7060, 3822, 7046, 4016, 7274, 9320, 7607, 3143, 7090, 9622, 3744, 7460, 4757, 9619, 9549, 7063, 4093, 9621, 3154, 3801, 4988, 7254, 3941, 7255, 3194, 3219, 7160, 3606, 4198, 4760, 4317, 3223, 7071, 3957, 7062, 7028, 3457, 3573, 7321, 3381, 7294, 3269, 3317, 3793, 3818, 4295, 7335, 7233, 4245, 4311, 7147, 3841, 4065, 3013, 3243, 3278, 3589, 4257, 4875, 7383, 9676, 3155, 4000, 4163, 4177, 4206, 3556, 9096, 3819, 7736, 7083, 9693, 3824, 4229, 4939, 3886, 4872, 7626, 7582, 3022, 3689, 3555, 3198, 3484, 3724, 4188, 4937, 7644, 3410, 7397, 3407, 9124, 7622, 9538, 9695, 4964, 7431, 3147, 7243, 3850, 4232, 3057, 7477, 7430, 3103, 3218, 3220, 9030, 7174, 7246, 3170, 7023, 9220, 7767, 3781, 9065, 4057, 7216, 9557, 9689, 7068, 4353, 9593, 3820, 4170, 7649, 9586, 7306, 7318, 3720, 3750, 3864, 3585, 3371, 4214, 4381, 7289, 4018, 4297, 3814, 3088, 7583, 7042, 3097, 4130, 3534, 3692, 3774, 3851, 9243, 3233, 4465, 4158, 9309, 7021, 9532, 3239, 4215, 4427, 9647, 4781, 7304, 3812, 4433, 9105, 3241, 4048, 3137, 4304, 9338, 9353, 9680, 3358, 4171, 9119, 3491, 4201, 4205, 7347, 7016, 3475, 7755, 3044, 4972, 7017, 7309, 4782, 3128, 3933, 9711, 9582, 4473, 7623, 4128, 4809, 4389, 4708, 7077, 7642, 7061, 7223, 7296, 7653, 4736, 9751, 7029, 7139, 7030, 7033, 4147, 7207, 7006, 7034, 4439, 3839, 7331, 7390, 7916, 4435, 4455, 7580, 3133, 3413, 4178, 4253, 3888, 4136, 4332, 3894, 7329, 7000, 4453, 7107, 7412, 7425, 7426, 3301, 7024, 9153, 9225, 3945, 4751, 7287, 4721, 3582, 4819, 3345, 7471, 9608, 3412, 3725, 3748, 4340, 4349, 4457, 7098, 3076, 3678, 3106, 3127, 3368, 3483, 3834, 4371, 4421, 4706, 7165, 7625, 7639, 9328, 3375, 3095, 3719, 9389, 9819, 3695, 4996)
		 and a11.VEND_PACK_ID in (1990218, 1995507, 1995518, 2017614, 2020055, 2020056, 2022607, 2022702, 2022704, 2022722, 2032978, 2032979, 2033107, 2033115, 2033116, 2033160, 2033414, 2037430, 2043611, 2053306, 2053452, 2065068, 2065069, 2065070, 2065071, 2065072, 2065073, 2065074, 2065076, 2065077, 2065078, 2065079, 2065080, 2065082, 2065083, 2065100, 2065102, 2065103, 2065104, 2065105, 2065106, 2065107, 2065109, 2065110, 2065115, 2065116, 2065117, 2065118, 2065119, 2514735, 2514736, 2514737, 2514739, 2514740, 2514741, 2514743, 2514744, 2514745, 2514747, 2514748, 2514750, 2514751, 2514753, 2514754, 2514756, 2514757, 2514758, 2514759, 2514760, 2514761, 2531530, 2531531, 2531532, 2531533, 2531534, 2531535, 2531536, 2531538, 2531539, 2531541, 2531542, 2531543, 2531544, 2531545, 2531546, 2531547, 2531548, 2531549, 2531550, 2531551, 2531552, 2531554, 2531555, 2531556, 2531557, 2531558, 2531559, 2531560, 2531561, 2531562, 2531563, 2531564, 2531565, 2531566, 2531567, 2531568, 2531569, 2531570, 2531571, 2531572, 2531573, 2531574, 3419708, 3419719, 3419721, 3419722, 3419723, 4319474, 4319475, 4319476, 4319477, 4319478, 4319479, 4319480, 4319481, 4319482, 4319483, 4319484, 4319485, 4319486, 4319487, 4319488, 4319489, 4319490, 4319491, 4319492, 4319493, 4319494, 4522191, 4522194, 4522195, 4522196, 4522197, 4522198, 4522233, 4522234, 4522236, 4522243, 4929203, 4929204, 4929205, 4929206, 4929207, 4929208, 4929210, 4929212, 4929213, 4929214, 4929224, 4929225, 4929226, 4929227, 4929228, 4931294, 4931296, 4931297, 4931298, 4931299, 4931333, 4931352, 4931353, 4931354, 4931355, 4931357, 4931358, 4931359, 4931360, 4931389, 4931416, 4931417, 4931418, 4931419, 4931420, 4931579, 4931581, 4931589, 4931600, 4931601, 4931604, 4931606, 4931610, 4931612, 4931614, 4968535, 4968540, 4968545, 4968550, 4968552, 4968700, 4968706, 4968710, 4968714, 4968718, 4968730, 4968732, 4968733, 4968751, 4968754, 4968762, 4968827, 4968830, 4968835, 4968838, 4969057, 4969063, 4969068, 4969072, 4969074, 4969122, 4969125, 4969127, 4969129, 4969130, 4969156, 4969157, 4969158, 4969159, 4969160, 4969169, 4969172, 4969173, 4969174, 4969180, 4969181, 4969182, 4969183, 4969185, 4969186, 4969627, 4969628, 4969629, 4969632, 4969633, 5336313, 5336327, 5336329, 5336330, 5336337, 5336338, 5336339, 5336340, 5336341, 5336342, 5336352, 5336357, 5336360, 5336361, 5336378, 5336384, 5336388, 5336404, 5336417, 5336418, 5336532, 5336539, 5336578, 5336579, 5336582, 5336590, 5336594, 5336596, 5336598, 5336599, 5336641, 5336652, 5336654, 5336676, 5336686, 5336723, 5336726, 5336730, 5336735, 5336747, 5336755, 5336787, 5336800, 5336809, 5336828, 5336844, 5336846, 5336850, 5336880, 5336905, 5336926, 5336940, 5336941, 5336958, 5336965, 5336973, 5336978, 5337002, 5337012, 5337015, 7391904, 7392051, 7392121, 7392124, 7392143, 7392146, 7392151, 7392163, 7392171, 7392179, 7392189, 7392194, 7392196, 7392198, 7392200, 7392203, 7392213, 7392217, 7392226, 7392251, 7392261, 7392290, 7392307, 7392323, 7392324, 7392326, 7392332, 7392340, 7392342, 7392344, 7392347, 7392372, 7392379, 7392414, 7392442, 7392444, 7392449, 7392489, 7392519, 7392523, 7392589, 7392701, 7392708, 7392727, 7392739, 7392751, 7392755, 7392773, 7392851, 7392902, 7393216, 7393347, 7393350, 7393352, 7393378, 7393383, 7393412, 7393422, 7393427, 7393430, 7397713, 7397714, 7397715, 7397732, 7397825, 7397829, 7397838, 7397841, 7397844, 7397846, 7397847, 7397850, 7397858, 7397927, 7398029, 7398037, 7398039, 7398040, 7398041, 7398042, 7398045, 7398049, 7398051, 7398053, 7398059, 7398164, 7398167, 7398175, 7398191, 7398202, 7401849, 7401851, 7401854, 7401857, 7401885, 7401886, 7401887, 7401895, 7401901, 7401902, 7401922, 7401962, 7401963, 7401970, 7401976, 7401977, 7402030, 7402084, 7402246, 7402298, 7402375, 7402381, 7402383, 7402384, 7402387, 7402389, 7402391, 7402392, 7402434, 7402436, 7402441, 7402451, 7402465, 7402467, 7402531, 7402967, 7402973, 7402975, 7403032, 7403085, 7410600, 7410732, 7410735, 7410788, 7410843, 7410847, 7410902, 7410957, 7410963, 7411046, 7411095, 7411290, 7411344, 7411414, 7411419, 7411631, 7411633, 7411684, 7411688, 7411741, 7412185, 7412226, 7412294, 7412309, 7412363, 7412398, 7412442, 7412459, 7412497, 7412550, 7413397, 7413735, 7413737, 7413754, 7413760, 7413788, 7413794, 7413803, 7413814, 7413835, 7413867, 7413869, 7413873, 7413874, 7413925, 7413961, 7413966, 7413999, 7414017, 7414023, 7416305, 7416438, 7419583, 7419997, 7420053, 7420319, 7420361, 7420414, 7420467, 7420470, 7420532, 7420618, 7420643, 7420650, 7420664, 7420738, 7420752, 7420795, 7420875, 7420924, 7420976, 7421080, 7421081, 7421133, 7421184, 7421290, 7421299, 7421307, 7421315, 7421381, 7421391, 7421899, 7421910, 7421916, 7421925, 7421930, 7421935, 7421939, 7421947, 7421952, 7421977, 7431451, 7434196, 7434261, 7434318, 7434320, 7434657, 7434712, 7434788, 7434807, 7434906, 7434988, 7436534, 7436555, 7436558, 7436575, 7436576, 7436608, 7436621, 7436622, 7436629, 7436637, 7436660, 7436661, 7436665, 7436679, 7436695, 7436696, 7436706, 7436707, 7436708, 7436709, 7436711, 7436716, 7436720, 7436725, 7436726, 7436727, 7436728, 7436732, 7436742, 7436750, 7436753, 7436754, 7436755, 7655066, 7655067, 7655068, 7655069, 7655070, 7655071, 7655072, 7655073, 7655074, 7655075, 7655077, 7655080, 7655081, 7655082, 7655083, 7655084, 7655085, 7655086, 7655087, 7655088, 7655090, 7655091, 7655092, 7655093, 7655094, 7655095, 7655096, 7655097, 7655098, 7655099, 7888659, 7888660, 7888661, 7888662, 7888663, 7888664, 7888665, 7888666, 7888667, 7888668, 7888669, 7888670, 7888671, 7888672, 7943438, 7943439, 7943440, 7943441, 7943442, 7943443, 7943444, 7943445, 7943446, 7943451, 7943452, 7943453, 7943454, 7943455, 8001299, 8001300, 8001301, 8001302, 8001304, 8001306, 8001308, 8001767, 8001768, 8001769, 8001770, 8001772, 8001773, 8002028, 8002267, 8002519, 8002520, 8002521, 8002522, 8002523, 8002525, 8003349, 8003431, 8003432, 8003433, 8003434, 8003437, 8003438, 8003644, 8003724, 8003725, 8003727, 8003729, 8003730, 8003732, 8004205, 8004206, 8004207, 8004210, 8004212, 8004213, 8004214, 8223908, 8223909, 8223910, 8223912, 8223913, 8223914, 8223915, 8223916, 8223917, 8223918, 8223951, 8223952, 8223953, 8223954, 8223955, 8223956, 8223957, 8223958, 8223959, 8223960, 8223961, 8223962, 8223963, 8223964, 8223965, 8223966, 8223967, 8223968, 20692427, 20692429, 20692431, 20692432, 20692435, 20692437, 20692611, 20692613, 20692614, 20692615, 20692617, 20692618, 20692619, 20692620, 20692621, 20692622, 20692623, 20692624, 20692625, 20692627, 20692628, 20692629, 20692630, 20692631, 20692632, 20692633, 20692634, 20692635, 20692636, 20692637, 20692638, 20692639, 20692640, 27244711, 27244713, 27244714, 27244715, 27244716, 27244717, 27244718, 27244719, 27244720, 27244721, 27244722, 27244723, 27244724, 27244725, 27244726, 27244727, 27244729, 27244730, 27244731, 27244732, 27244733, 27244734, 27244735, 27244736, 27244737, 27244738, 27244739, 42872291, 42872292, 42872294, 42872295, 42872296, 42872297, 42872298, 42872299, 42872601, 42872602, 42872603, 42872604, 42872605, 42872606, 42872607, 42872608, 42872609, 42872610, 42872611, 42872612, 42872613, 52433612, 53261912, 53261913, 53261914, 53261915, 53261916, 53261917, 53261919, 53261920, 53261921, 53261922, 53261923, 53261924, 53261925, 53261926, 53261927, 53261928, 53261929, 53261931, 53261932, 53261933, 53261934, 92676711, 92676712, 92676713, 92676714, 92676715, 92676716, 92676717, 92676718, 92676719, 92676720, 92676721, 92676722, 92676723, 92676724, 92676725, 92676726, 92676727, 92676728, 92676729, 92676730, 92676731, 92676732, 92676733, 92676734, 92676812, 92676813, 92676814, 92676815, 92676816, 92676817, 92676819, 92676820, 92676821, 92676822, 92676823, 92676824, 92676825, 92676826, 92676827, 92676828, 92676829, 92676831, 92676832, 92676833, 92676834)
		 and (a11.TYLY_DESC in ('TY')
		 or (a11.TRS_TYP_CD in ('A', 'R', 'S')
		 and a11.TYLY_DESC in ('TY'))))
		group by	a11.WK_NBR,
			a12.MRCH_NBR,
			a11.LOCN_NBR
		)	pa13
		  on 	(a12.MRCH_NBR = pa13.MRCH_NBR and 
		pa11.LOCN_NBR = pa13.LOCN_NBR and 
		pa11.WK_NBR = pa13.WK_NBR)
	where	(pa13.MRCH_NBR in (10000)
	 and pa13.WK_NBR in (201608)
	 and pa13.LOCN_NBR in (3021, 7133, 4460, 4741, 3415, 4176, 4726, 9392, 7134, 4113, 4334, 7187, 3981, 4034, 9542, 3380, 7677, 9589, 3600, 3361, 3643, 3954, 7257, 4150, 9536, 3521, 3486, 4407, 9147, 4772, 7341, 9733, 3050, 3071, 3339, 3499, 3522, 3990, 4361, 4470, 7235, 7602, 7209, 4444, 9146, 3172, 4479, 7746, 3093, 7109, 3885, 7217, 4373, 9662, 3862, 4871, 9416, 9414, 3175, 3884, 3027, 3060, 3393, 3737, 7198, 9409, 3141, 4054, 4445, 4770, 4771, 7120, 9463, 4928, 7075, 7676, 7535, 9255, 4713, 9166, 4478, 4936, 3318, 3268, 7142, 3390, 3800, 3873, 4807, 4313, 3146, 7713, 4090, 4062, 3131, 4084, 4897, 3324, 3544, 3160, 3340, 3654, 3798, 3807, 4399, 7415, 7717, 9620, 7754, 9648, 4898, 3713, 3359, 3646, 9625, 3083, 7718, 4739, 7616, 7719, 3715, 7354, 9513, 9571, 7064, 7437, 3808, 4758, 7060, 3822, 7046, 4016, 7274, 9320, 7607, 3143, 7090, 9622, 3744, 7460, 4757, 9619, 9549, 7063, 4093, 9621, 3154, 3801, 4988, 7254, 3941, 7255, 3194, 3219, 7160, 3606, 4198, 4760, 4317, 3223, 7071, 3957, 7062, 7028, 3457, 3573, 7321, 3381, 7294, 3269, 3317, 3793, 3818, 4295, 7335, 7233, 4245, 4311, 7147, 3841, 4065, 3013, 3243, 3278, 3589, 4257, 4875, 7383, 9676, 3155, 4000, 4163, 4177, 4206, 3556, 9096, 3819, 7736, 7083, 9693, 3824, 4229, 4939, 3886, 4872, 7626, 7582, 3022, 3689, 3555, 3198, 3484, 3724, 4188, 4937, 7644, 3410, 7397, 3407, 9124, 7622, 9538, 9695, 4964, 7431, 3147, 7243, 3850, 4232, 3057, 7477, 7430, 3103, 3218, 3220, 9030, 7174, 7246, 3170, 7023, 9220, 7767, 3781, 9065, 4057, 7216, 9557, 9689, 7068, 4353, 9593, 3820, 4170, 7649, 9586, 7306, 7318, 3720, 3750, 3864, 3585, 3371, 4214, 4381, 7289, 4018, 4297, 3814, 3088, 7583, 7042, 3097, 4130, 3534, 3692, 3774, 3851, 9243, 3233, 4465, 4158, 9309, 7021, 9532, 3239, 4215, 4427, 9647, 4781, 7304, 3812, 4433, 9105, 3241, 4048, 3137, 4304, 9338, 9353, 9680, 3358, 4171, 9119, 3491, 4201, 4205, 7347, 7016, 3475, 7755, 3044, 4972, 7017, 7309, 4782, 3128, 3933, 9711, 9582, 4473, 7623, 4128, 4809, 4389, 4708, 7077, 7642, 7061, 7223, 7296, 7653, 4736, 9751, 7029, 7139, 7030, 7033, 4147, 7207, 7006, 7034, 4439, 3839, 7331, 7390, 7916, 4435, 4455, 7580, 3133, 3413, 4178, 4253, 3888, 4136, 4332, 3894, 7329, 7000, 4453, 7107, 7412, 7425, 7426, 3301, 7024, 9153, 9225, 3945, 4751, 7287, 4721, 3582, 4819, 3345, 7471, 9608, 3412, 3725, 3748, 4340, 4349, 4457, 7098, 3076, 3678, 3106, 3127, 3368, 3483, 3834, 4371, 4421, 4706, 7165, 7625, 7639, 9328, 3375, 3095, 3719, 9389, 9819, 3695, 4996)
	 and a12.VEND_PACK_ID in (1990218, 1995507, 1995518, 2017614, 2020055, 2020056, 2022607, 2022702, 2022704, 2022722, 2032978, 2032979, 2033107, 2033115, 2033116, 2033160, 2033414, 2037430, 2043611, 2053306, 2053452, 2065068, 2065069, 2065070, 2065071, 2065072, 2065073, 2065074, 2065076, 2065077, 2065078, 2065079, 2065080, 2065082, 2065083, 2065100, 2065102, 2065103, 2065104, 2065105, 2065106, 2065107, 2065109, 2065110, 2065115, 2065116, 2065117, 2065118, 2065119, 2514735, 2514736, 2514737, 2514739, 2514740, 2514741, 2514743, 2514744, 2514745, 2514747, 2514748, 2514750, 2514751, 2514753, 2514754, 2514756, 2514757, 2514758, 2514759, 2514760, 2514761, 2531530, 2531531, 2531532, 2531533, 2531534, 2531535, 2531536, 2531538, 2531539, 2531541, 2531542, 2531543, 2531544, 2531545, 2531546, 2531547, 2531548, 2531549, 2531550, 2531551, 2531552, 2531554, 2531555, 2531556, 2531557, 2531558, 2531559, 2531560, 2531561, 2531562, 2531563, 2531564, 2531565, 2531566, 2531567, 2531568, 2531569, 2531570, 2531571, 2531572, 2531573, 2531574, 3419708, 3419719, 3419721, 3419722, 3419723, 4319474, 4319475, 4319476, 4319477, 4319478, 4319479, 4319480, 4319481, 4319482, 4319483, 4319484, 4319485, 4319486, 4319487, 4319488, 4319489, 4319490, 4319491, 4319492, 4319493, 4319494, 4522191, 4522194, 4522195, 4522196, 4522197, 4522198, 4522233, 4522234, 4522236, 4522243, 4929203, 4929204, 4929205, 4929206, 4929207, 4929208, 4929210, 4929212, 4929213, 4929214, 4929224, 4929225, 4929226, 4929227, 4929228, 4931294, 4931296, 4931297, 4931298, 4931299, 4931333, 4931352, 4931353, 4931354, 4931355, 4931357, 4931358, 4931359, 4931360, 4931389, 4931416, 4931417, 4931418, 4931419, 4931420, 4931579, 4931581, 4931589, 4931600, 4931601, 4931604, 4931606, 4931610, 4931612, 4931614, 4968535, 4968540, 4968545, 4968550, 4968552, 4968700, 4968706, 4968710, 4968714, 4968718, 4968730, 4968732, 4968733, 4968751, 4968754, 4968762, 4968827, 4968830, 4968835, 4968838, 4969057, 4969063, 4969068, 4969072, 4969074, 4969122, 4969125, 4969127, 4969129, 4969130, 4969156, 4969157, 4969158, 4969159, 4969160, 4969169, 4969172, 4969173, 4969174, 4969180, 4969181, 4969182, 4969183, 4969185, 4969186, 4969627, 4969628, 4969629, 4969632, 4969633, 5336313, 5336327, 5336329, 5336330, 5336337, 5336338, 5336339, 5336340, 5336341, 5336342, 5336352, 5336357, 5336360, 5336361, 5336378, 5336384, 5336388, 5336404, 5336417, 5336418, 5336532, 5336539, 5336578, 5336579, 5336582, 5336590, 5336594, 5336596, 5336598, 5336599, 5336641, 5336652, 5336654, 5336676, 5336686, 5336723, 5336726, 5336730, 5336735, 5336747, 5336755, 5336787, 5336800, 5336809, 5336828, 5336844, 5336846, 5336850, 5336880, 5336905, 5336926, 5336940, 5336941, 5336958, 5336965, 5336973, 5336978, 5337002, 5337012, 5337015, 7391904, 7392051, 7392121, 7392124, 7392143, 7392146, 7392151, 7392163, 7392171, 7392179, 7392189, 7392194, 7392196, 7392198, 7392200, 7392203, 7392213, 7392217, 7392226, 7392251, 7392261, 7392290, 7392307, 7392323, 7392324, 7392326, 7392332, 7392340, 7392342, 7392344, 7392347, 7392372, 7392379, 7392414, 7392442, 7392444, 7392449, 7392489, 7392519, 7392523, 7392589, 7392701, 7392708, 7392727, 7392739, 7392751, 7392755, 7392773, 7392851, 7392902, 7393216, 7393347, 7393350, 7393352, 7393378, 7393383, 7393412, 7393422, 7393427, 7393430, 7397713, 7397714, 7397715, 7397732, 7397825, 7397829, 7397838, 7397841, 7397844, 7397846, 7397847, 7397850, 7397858, 7397927, 7398029, 7398037, 7398039, 7398040, 7398041, 7398042, 7398045, 7398049, 7398051, 7398053, 7398059, 7398164, 7398167, 7398175, 7398191, 7398202, 7401849, 7401851, 7401854, 7401857, 7401885, 7401886, 7401887, 7401895, 7401901, 7401902, 7401922, 7401962, 7401963, 7401970, 7401976, 7401977, 7402030, 7402084, 7402246, 7402298, 7402375, 7402381, 7402383, 7402384, 7402387, 7402389, 7402391, 7402392, 7402434, 7402436, 7402441, 7402451, 7402465, 7402467, 7402531, 7402967, 7402973, 7402975, 7403032, 7403085, 7410600, 7410732, 7410735, 7410788, 7410843, 7410847, 7410902, 7410957, 7410963, 7411046, 7411095, 7411290, 7411344, 7411414, 7411419, 7411631, 7411633, 7411684, 7411688, 7411741, 7412185, 7412226, 7412294, 7412309, 7412363, 7412398, 7412442, 7412459, 7412497, 7412550, 7413397, 7413735, 7413737, 7413754, 7413760, 7413788, 7413794, 7413803, 7413814, 7413835, 7413867, 7413869, 7413873, 7413874, 7413925, 7413961, 7413966, 7413999, 7414017, 7414023, 7416305, 7416438, 7419583, 7419997, 7420053, 7420319, 7420361, 7420414, 7420467, 7420470, 7420532, 7420618, 7420643, 7420650, 7420664, 7420738, 7420752, 7420795, 7420875, 7420924, 7420976, 7421080, 7421081, 7421133, 7421184, 7421290, 7421299, 7421307, 7421315, 7421381, 7421391, 7421899, 7421910, 7421916, 7421925, 7421930, 7421935, 7421939, 7421947, 7421952, 7421977, 7431451, 7434196, 7434261, 7434318, 7434320, 7434657, 7434712, 7434788, 7434807, 7434906, 7434988, 7436534, 7436555, 7436558, 7436575, 7436576, 7436608, 7436621, 7436622, 7436629, 7436637, 7436660, 7436661, 7436665, 7436679, 7436695, 7436696, 7436706, 7436707, 7436708, 7436709, 7436711, 7436716, 7436720, 7436725, 7436726, 7436727, 7436728, 7436732, 7436742, 7436750, 7436753, 7436754, 7436755, 7655066, 7655067, 7655068, 7655069, 7655070, 7655071, 7655072, 7655073, 7655074, 7655075, 7655077, 7655080, 7655081, 7655082, 7655083, 7655084, 7655085, 7655086, 7655087, 7655088, 7655090, 7655091, 7655092, 7655093, 7655094, 7655095, 7655096, 7655097, 7655098, 7655099, 7888659, 7888660, 7888661, 7888662, 7888663, 7888664, 7888665, 7888666, 7888667, 7888668, 7888669, 7888670, 7888671, 7888672, 7943438, 7943439, 7943440, 7943441, 7943442, 7943443, 7943444, 7943445, 7943446, 7943451, 7943452, 7943453, 7943454, 7943455, 8001299, 8001300, 8001301, 8001302, 8001304, 8001306, 8001308, 8001767, 8001768, 8001769, 8001770, 8001772, 8001773, 8002028, 8002267, 8002519, 8002520, 8002521, 8002522, 8002523, 8002525, 8003349, 8003431, 8003432, 8003433, 8003434, 8003437, 8003438, 8003644, 8003724, 8003725, 8003727, 8003729, 8003730, 8003732, 8004205, 8004206, 8004207, 8004210, 8004212, 8004213, 8004214, 8223908, 8223909, 8223910, 8223912, 8223913, 8223914, 8223915, 8223916, 8223917, 8223918, 8223951, 8223952, 8223953, 8223954, 8223955, 8223956, 8223957, 8223958, 8223959, 8223960, 8223961, 8223962, 8223963, 8223964, 8223965, 8223966, 8223967, 8223968, 20692427, 20692429, 20692431, 20692432, 20692435, 20692437, 20692611, 20692613, 20692614, 20692615, 20692617, 20692618, 20692619, 20692620, 20692621, 20692622, 20692623, 20692624, 20692625, 20692627, 20692628, 20692629, 20692630, 20692631, 20692632, 20692633, 20692634, 20692635, 20692636, 20692637, 20692638, 20692639, 20692640, 27244711, 27244713, 27244714, 27244715, 27244716, 27244717, 27244718, 27244719, 27244720, 27244721, 27244722, 27244723, 27244724, 27244725, 27244726, 27244727, 27244729, 27244730, 27244731, 27244732, 27244733, 27244734, 27244735, 27244736, 27244737, 27244738, 27244739, 42872291, 42872292, 42872294, 42872295, 42872296, 42872297, 42872298, 42872299, 42872601, 42872602, 42872603, 42872604, 42872605, 42872606, 42872607, 42872608, 42872609, 42872610, 42872611, 42872612, 42872613, 52433612, 53261912, 53261913, 53261914, 53261915, 53261916, 53261917, 53261919, 53261920, 53261921, 53261922, 53261923, 53261924, 53261925, 53261926, 53261927, 53261928, 53261929, 53261931, 53261932, 53261933, 53261934, 92676711, 92676712, 92676713, 92676714, 92676715, 92676716, 92676717, 92676718, 92676719, 92676720, 92676721, 92676722, 92676723, 92676724, 92676725, 92676726, 92676727, 92676728, 92676729, 92676730, 92676731, 92676732, 92676733, 92676734, 92676812, 92676813, 92676814, 92676815, 92676816, 92676817, 92676819, 92676820, 92676821, 92676822, 92676823, 92676824, 92676825, 92676826, 92676827, 92676828, 92676829, 92676831, 92676832, 92676833, 92676834)
	 and pa13.GODWFLAG2_1 = 1)
	group by	pa13.WK_NBR,
		pa13.MRCH_NBR,
		pa13.LOCN_NBR
	)	pa11
	full outer join	(select	pa01.LOCN_NBR  LOCN_NBR,
		pa01.MRCH_NBR  MRCH_NBR,
		pa01.MRCH_DESC  MRCH_DESC,
		pa01.WK_NBR  WK_NBR,
		pa01.KMARTEVENTSALES  WJXBFS1,
		pa01.KMARTEVENTSALESUNITS  WJXBFS2
	from	(select	a11.WK_NBR  WK_NBR,
			a12.MRCH_NBR  MRCH_NBR,
			max(a12.MRCH_DESC)  MRCH_DESC,
			a11.LOCN_NBR  LOCN_NBR,
			avg((Case when a11.TYLY_DESC in ('TY') then ((a11.DFLT_SLL_PRC * a11.TY_CTR) * (a11.DFLT_SLL_PRC_MULT * a11.TY_CTR)) else NULL end))  KMARTLISTSELLPRICE,
			max((Case when a11.TYLY_DESC in ('TY') then 1 else 0 end))  GODWFLAG2_1,
			sum((Case when (a11.TRS_TYP_CD in ('A', 'R', 'S') and a11.MDS_STS in (2, 5, 8) and a11.TYLY_DESC in ('TY')) then (a11.TRS_SLL_DLR * a11.TY_CTR) else NULL end))  KMARTEVENTSALES,
			sum((Case when (a11.TRS_TYP_CD in ('A', 'R', 'S') and a11.MDS_STS in (2, 5, 8) and a11.TYLY_DESC in ('TY')) then (a11.TRS_UN_QT * a11.TY_CTR) else NULL end))  KMARTEVENTSALESUNITS,
			max((Case when (a11.TRS_TYP_CD in ('A', 'R', 'S') and a11.MDS_STS in (2, 5, 8) and a11.TYLY_DESC in ('TY')) then 1 else 0 end))  GODWFLAG4_1,
			sum((Case when (a11.TRS_TYP_CD in ('A', 'R', 'S') and a11.TYLY_DESC in ('TY')) then (a11.TRS_SLL_DLR * a11.TY_CTR) else NULL end))  KMARTTOTALSALES,
			sum((Case when (a11.TRS_TYP_CD in ('A', 'R', 'S') and a11.TYLY_DESC in ('TY')) then (a11.TRS_UN_QT * a11.TY_CTR) else NULL end))  KMARTTOTALSALESUNITS,
			max((Case when (a11.TRS_TYP_CD in ('A', 'R', 'S') and a11.TYLY_DESC in ('TY')) then 1 else 0 end))  GODWFLAG5_1
		from	ALEX_ARP_VIEWS_PRD.FACT_SHC_WKLY_OPR_SLS_TYLY	a11
			join	ALEX_ARP_VIEWS_PRD.LU_SHC_VENDOR_PACK	a12
			  on 	(a11.VEND_PACK_ID = a12.VEND_PACK_ID)
		where	(a12.MRCH_NBR in (10000)
		 and a11.WK_NBR in (201608)
		 and a11.LOCN_NBR in (3021, 7133, 4460, 4741, 3415, 4176, 4726, 9392, 7134, 4113, 4334, 7187, 3981, 4034, 9542, 3380, 7677, 9589, 3600, 3361, 3643, 3954, 7257, 4150, 9536, 3521, 3486, 4407, 9147, 4772, 7341, 9733, 3050, 3071, 3339, 3499, 3522, 3990, 4361, 4470, 7235, 7602, 7209, 4444, 9146, 3172, 4479, 7746, 3093, 7109, 3885, 7217, 4373, 9662, 3862, 4871, 9416, 9414, 3175, 3884, 3027, 3060, 3393, 3737, 7198, 9409, 3141, 4054, 4445, 4770, 4771, 7120, 9463, 4928, 7075, 7676, 7535, 9255, 4713, 9166, 4478, 4936, 3318, 3268, 7142, 3390, 3800, 3873, 4807, 4313, 3146, 7713, 4090, 4062, 3131, 4084, 4897, 3324, 3544, 3160, 3340, 3654, 3798, 3807, 4399, 7415, 7717, 9620, 7754, 9648, 4898, 3713, 3359, 3646, 9625, 3083, 7718, 4739, 7616, 7719, 3715, 7354, 9513, 9571, 7064, 7437, 3808, 4758, 7060, 3822, 7046, 4016, 7274, 9320, 7607, 3143, 7090, 9622, 3744, 7460, 4757, 9619, 9549, 7063, 4093, 9621, 3154, 3801, 4988, 7254, 3941, 7255, 3194, 3219, 7160, 3606, 4198, 4760, 4317, 3223, 7071, 3957, 7062, 7028, 3457, 3573, 7321, 3381, 7294, 3269, 3317, 3793, 3818, 4295, 7335, 7233, 4245, 4311, 7147, 3841, 4065, 3013, 3243, 3278, 3589, 4257, 4875, 7383, 9676, 3155, 4000, 4163, 4177, 4206, 3556, 9096, 3819, 7736, 7083, 9693, 3824, 4229, 4939, 3886, 4872, 7626, 7582, 3022, 3689, 3555, 3198, 3484, 3724, 4188, 4937, 7644, 3410, 7397, 3407, 9124, 7622, 9538, 9695, 4964, 7431, 3147, 7243, 3850, 4232, 3057, 7477, 7430, 3103, 3218, 3220, 9030, 7174, 7246, 3170, 7023, 9220, 7767, 3781, 9065, 4057, 7216, 9557, 9689, 7068, 4353, 9593, 3820, 4170, 7649, 9586, 7306, 7318, 3720, 3750, 3864, 3585, 3371, 4214, 4381, 7289, 4018, 4297, 3814, 3088, 7583, 7042, 3097, 4130, 3534, 3692, 3774, 3851, 9243, 3233, 4465, 4158, 9309, 7021, 9532, 3239, 4215, 4427, 9647, 4781, 7304, 3812, 4433, 9105, 3241, 4048, 3137, 4304, 9338, 9353, 9680, 3358, 4171, 9119, 3491, 4201, 4205, 7347, 7016, 3475, 7755, 3044, 4972, 7017, 7309, 4782, 3128, 3933, 9711, 9582, 4473, 7623, 4128, 4809, 4389, 4708, 7077, 7642, 7061, 7223, 7296, 7653, 4736, 9751, 7029, 7139, 7030, 7033, 4147, 7207, 7006, 7034, 4439, 3839, 7331, 7390, 7916, 4435, 4455, 7580, 3133, 3413, 4178, 4253, 3888, 4136, 4332, 3894, 7329, 7000, 4453, 7107, 7412, 7425, 7426, 3301, 7024, 9153, 9225, 3945, 4751, 7287, 4721, 3582, 4819, 3345, 7471, 9608, 3412, 3725, 3748, 4340, 4349, 4457, 7098, 3076, 3678, 3106, 3127, 3368, 3483, 3834, 4371, 4421, 4706, 7165, 7625, 7639, 9328, 3375, 3095, 3719, 9389, 9819, 3695, 4996)
		 and a11.VEND_PACK_ID in (1990218, 1995507, 1995518, 2017614, 2020055, 2020056, 2022607, 2022702, 2022704, 2022722, 2032978, 2032979, 2033107, 2033115, 2033116, 2033160, 2033414, 2037430, 2043611, 2053306, 2053452, 2065068, 2065069, 2065070, 2065071, 2065072, 2065073, 2065074, 2065076, 2065077, 2065078, 2065079, 2065080, 2065082, 2065083, 2065100, 2065102, 2065103, 2065104, 2065105, 2065106, 2065107, 2065109, 2065110, 2065115, 2065116, 2065117, 2065118, 2065119, 2514735, 2514736, 2514737, 2514739, 2514740, 2514741, 2514743, 2514744, 2514745, 2514747, 2514748, 2514750, 2514751, 2514753, 2514754, 2514756, 2514757, 2514758, 2514759, 2514760, 2514761, 2531530, 2531531, 2531532, 2531533, 2531534, 2531535, 2531536, 2531538, 2531539, 2531541, 2531542, 2531543, 2531544, 2531545, 2531546, 2531547, 2531548, 2531549, 2531550, 2531551, 2531552, 2531554, 2531555, 2531556, 2531557, 2531558, 2531559, 2531560, 2531561, 2531562, 2531563, 2531564, 2531565, 2531566, 2531567, 2531568, 2531569, 2531570, 2531571, 2531572, 2531573, 2531574, 3419708, 3419719, 3419721, 3419722, 3419723, 4319474, 4319475, 4319476, 4319477, 4319478, 4319479, 4319480, 4319481, 4319482, 4319483, 4319484, 4319485, 4319486, 4319487, 4319488, 4319489, 4319490, 4319491, 4319492, 4319493, 4319494, 4522191, 4522194, 4522195, 4522196, 4522197, 4522198, 4522233, 4522234, 4522236, 4522243, 4929203, 4929204, 4929205, 4929206, 4929207, 4929208, 4929210, 4929212, 4929213, 4929214, 4929224, 4929225, 4929226, 4929227, 4929228, 4931294, 4931296, 4931297, 4931298, 4931299, 4931333, 4931352, 4931353, 4931354, 4931355, 4931357, 4931358, 4931359, 4931360, 4931389, 4931416, 4931417, 4931418, 4931419, 4931420, 4931579, 4931581, 4931589, 4931600, 4931601, 4931604, 4931606, 4931610, 4931612, 4931614, 4968535, 4968540, 4968545, 4968550, 4968552, 4968700, 4968706, 4968710, 4968714, 4968718, 4968730, 4968732, 4968733, 4968751, 4968754, 4968762, 4968827, 4968830, 4968835, 4968838, 4969057, 4969063, 4969068, 4969072, 4969074, 4969122, 4969125, 4969127, 4969129, 4969130, 4969156, 4969157, 4969158, 4969159, 4969160, 4969169, 4969172, 4969173, 4969174, 4969180, 4969181, 4969182, 4969183, 4969185, 4969186, 4969627, 4969628, 4969629, 4969632, 4969633, 5336313, 5336327, 5336329, 5336330, 5336337, 5336338, 5336339, 5336340, 5336341, 5336342, 5336352, 5336357, 5336360, 5336361, 5336378, 5336384, 5336388, 5336404, 5336417, 5336418, 5336532, 5336539, 5336578, 5336579, 5336582, 5336590, 5336594, 5336596, 5336598, 5336599, 5336641, 5336652, 5336654, 5336676, 5336686, 5336723, 5336726, 5336730, 5336735, 5336747, 5336755, 5336787, 5336800, 5336809, 5336828, 5336844, 5336846, 5336850, 5336880, 5336905, 5336926, 5336940, 5336941, 5336958, 5336965, 5336973, 5336978, 5337002, 5337012, 5337015, 7391904, 7392051, 7392121, 7392124, 7392143, 7392146, 7392151, 7392163, 7392171, 7392179, 7392189, 7392194, 7392196, 7392198, 7392200, 7392203, 7392213, 7392217, 7392226, 7392251, 7392261, 7392290, 7392307, 7392323, 7392324, 7392326, 7392332, 7392340, 7392342, 7392344, 7392347, 7392372, 7392379, 7392414, 7392442, 7392444, 7392449, 7392489, 7392519, 7392523, 7392589, 7392701, 7392708, 7392727, 7392739, 7392751, 7392755, 7392773, 7392851, 7392902, 7393216, 7393347, 7393350, 7393352, 7393378, 7393383, 7393412, 7393422, 7393427, 7393430, 7397713, 7397714, 7397715, 7397732, 7397825, 7397829, 7397838, 7397841, 7397844, 7397846, 7397847, 7397850, 7397858, 7397927, 7398029, 7398037, 7398039, 7398040, 7398041, 7398042, 7398045, 7398049, 7398051, 7398053, 7398059, 7398164, 7398167, 7398175, 7398191, 7398202, 7401849, 7401851, 7401854, 7401857, 7401885, 7401886, 7401887, 7401895, 7401901, 7401902, 7401922, 7401962, 7401963, 7401970, 7401976, 7401977, 7402030, 7402084, 7402246, 7402298, 7402375, 7402381, 7402383, 7402384, 7402387, 7402389, 7402391, 7402392, 7402434, 7402436, 7402441, 7402451, 7402465, 7402467, 7402531, 7402967, 7402973, 7402975, 7403032, 7403085, 7410600, 7410732, 7410735, 7410788, 7410843, 7410847, 7410902, 7410957, 7410963, 7411046, 7411095, 7411290, 7411344, 7411414, 7411419, 7411631, 7411633, 7411684, 7411688, 7411741, 7412185, 7412226, 7412294, 7412309, 7412363, 7412398, 7412442, 7412459, 7412497, 7412550, 7413397, 7413735, 7413737, 7413754, 7413760, 7413788, 7413794, 7413803, 7413814, 7413835, 7413867, 7413869, 7413873, 7413874, 7413925, 7413961, 7413966, 7413999, 7414017, 7414023, 7416305, 7416438, 7419583, 7419997, 7420053, 7420319, 7420361, 7420414, 7420467, 7420470, 7420532, 7420618, 7420643, 7420650, 7420664, 7420738, 7420752, 7420795, 7420875, 7420924, 7420976, 7421080, 7421081, 7421133, 7421184, 7421290, 7421299, 7421307, 7421315, 7421381, 7421391, 7421899, 7421910, 7421916, 7421925, 7421930, 7421935, 7421939, 7421947, 7421952, 7421977, 7431451, 7434196, 7434261, 7434318, 7434320, 7434657, 7434712, 7434788, 7434807, 7434906, 7434988, 7436534, 7436555, 7436558, 7436575, 7436576, 7436608, 7436621, 7436622, 7436629, 7436637, 7436660, 7436661, 7436665, 7436679, 7436695, 7436696, 7436706, 7436707, 7436708, 7436709, 7436711, 7436716, 7436720, 7436725, 7436726, 7436727, 7436728, 7436732, 7436742, 7436750, 7436753, 7436754, 7436755, 7655066, 7655067, 7655068, 7655069, 7655070, 7655071, 7655072, 7655073, 7655074, 7655075, 7655077, 7655080, 7655081, 7655082, 7655083, 7655084, 7655085, 7655086, 7655087, 7655088, 7655090, 7655091, 7655092, 7655093, 7655094, 7655095, 7655096, 7655097, 7655098, 7655099, 7888659, 7888660, 7888661, 7888662, 7888663, 7888664, 7888665, 7888666, 7888667, 7888668, 7888669, 7888670, 7888671, 7888672, 7943438, 7943439, 7943440, 7943441, 7943442, 7943443, 7943444, 7943445, 7943446, 7943451, 7943452, 7943453, 7943454, 7943455, 8001299, 8001300, 8001301, 8001302, 8001304, 8001306, 8001308, 8001767, 8001768, 8001769, 8001770, 8001772, 8001773, 8002028, 8002267, 8002519, 8002520, 8002521, 8002522, 8002523, 8002525, 8003349, 8003431, 8003432, 8003433, 8003434, 8003437, 8003438, 8003644, 8003724, 8003725, 8003727, 8003729, 8003730, 8003732, 8004205, 8004206, 8004207, 8004210, 8004212, 8004213, 8004214, 8223908, 8223909, 8223910, 8223912, 8223913, 8223914, 8223915, 8223916, 8223917, 8223918, 8223951, 8223952, 8223953, 8223954, 8223955, 8223956, 8223957, 8223958, 8223959, 8223960, 8223961, 8223962, 8223963, 8223964, 8223965, 8223966, 8223967, 8223968, 20692427, 20692429, 20692431, 20692432, 20692435, 20692437, 20692611, 20692613, 20692614, 20692615, 20692617, 20692618, 20692619, 20692620, 20692621, 20692622, 20692623, 20692624, 20692625, 20692627, 20692628, 20692629, 20692630, 20692631, 20692632, 20692633, 20692634, 20692635, 20692636, 20692637, 20692638, 20692639, 20692640, 27244711, 27244713, 27244714, 27244715, 27244716, 27244717, 27244718, 27244719, 27244720, 27244721, 27244722, 27244723, 27244724, 27244725, 27244726, 27244727, 27244729, 27244730, 27244731, 27244732, 27244733, 27244734, 27244735, 27244736, 27244737, 27244738, 27244739, 42872291, 42872292, 42872294, 42872295, 42872296, 42872297, 42872298, 42872299, 42872601, 42872602, 42872603, 42872604, 42872605, 42872606, 42872607, 42872608, 42872609, 42872610, 42872611, 42872612, 42872613, 52433612, 53261912, 53261913, 53261914, 53261915, 53261916, 53261917, 53261919, 53261920, 53261921, 53261922, 53261923, 53261924, 53261925, 53261926, 53261927, 53261928, 53261929, 53261931, 53261932, 53261933, 53261934, 92676711, 92676712, 92676713, 92676714, 92676715, 92676716, 92676717, 92676718, 92676719, 92676720, 92676721, 92676722, 92676723, 92676724, 92676725, 92676726, 92676727, 92676728, 92676729, 92676730, 92676731, 92676732, 92676733, 92676734, 92676812, 92676813, 92676814, 92676815, 92676816, 92676817, 92676819, 92676820, 92676821, 92676822, 92676823, 92676824, 92676825, 92676826, 92676827, 92676828, 92676829, 92676831, 92676832, 92676833, 92676834)
		 and (a11.TYLY_DESC in ('TY')
		 or (a11.TRS_TYP_CD in ('A', 'R', 'S')
		 and a11.TYLY_DESC in ('TY'))))
		group by	a11.WK_NBR,
			a12.MRCH_NBR,
			a11.LOCN_NBR
		)	pa01
	where	pa01.GODWFLAG4_1 = 1
	)	pa12
	  on 	(pa11.LOCN_NBR = pa12.LOCN_NBR and 
	pa11.MRCH_NBR = pa12.MRCH_NBR and 
	pa11.WK_NBR = pa12.WK_NBR)
	full outer join	(select	pa01.LOCN_NBR  LOCN_NBR,
		pa01.MRCH_NBR  MRCH_NBR,
		pa01.MRCH_DESC  MRCH_DESC,
		pa01.WK_NBR  WK_NBR,
		pa01.KMARTTOTALSALES  WJXBFS1,
		pa01.KMARTTOTALSALESUNITS  WJXBFS2
	from	(select	a11.WK_NBR  WK_NBR,
			a12.MRCH_NBR  MRCH_NBR,
			max(a12.MRCH_DESC)  MRCH_DESC,
			a11.LOCN_NBR  LOCN_NBR,
			avg((Case when a11.TYLY_DESC in ('TY') then ((a11.DFLT_SLL_PRC * a11.TY_CTR) * (a11.DFLT_SLL_PRC_MULT * a11.TY_CTR)) else NULL end))  KMARTLISTSELLPRICE,
			max((Case when a11.TYLY_DESC in ('TY') then 1 else 0 end))  GODWFLAG2_1,
			sum((Case when (a11.TRS_TYP_CD in ('A', 'R', 'S') and a11.MDS_STS in (2, 5, 8) and a11.TYLY_DESC in ('TY')) then (a11.TRS_SLL_DLR * a11.TY_CTR) else NULL end))  KMARTEVENTSALES,
			sum((Case when (a11.TRS_TYP_CD in ('A', 'R', 'S') and a11.MDS_STS in (2, 5, 8) and a11.TYLY_DESC in ('TY')) then (a11.TRS_UN_QT * a11.TY_CTR) else NULL end))  KMARTEVENTSALESUNITS,
			max((Case when (a11.TRS_TYP_CD in ('A', 'R', 'S') and a11.MDS_STS in (2, 5, 8) and a11.TYLY_DESC in ('TY')) then 1 else 0 end))  GODWFLAG4_1,
			sum((Case when (a11.TRS_TYP_CD in ('A', 'R', 'S') and a11.TYLY_DESC in ('TY')) then (a11.TRS_SLL_DLR * a11.TY_CTR) else NULL end))  KMARTTOTALSALES,
			sum((Case when (a11.TRS_TYP_CD in ('A', 'R', 'S') and a11.TYLY_DESC in ('TY')) then (a11.TRS_UN_QT * a11.TY_CTR) else NULL end))  KMARTTOTALSALESUNITS,
			max((Case when (a11.TRS_TYP_CD in ('A', 'R', 'S') and a11.TYLY_DESC in ('TY')) then 1 else 0 end))  GODWFLAG5_1
		from	ALEX_ARP_VIEWS_PRD.FACT_SHC_WKLY_OPR_SLS_TYLY	a11
			join	ALEX_ARP_VIEWS_PRD.LU_SHC_VENDOR_PACK	a12
			  on 	(a11.VEND_PACK_ID = a12.VEND_PACK_ID)
		where	(a12.MRCH_NBR in (10000)
		 and a11.WK_NBR in (201608)
		 and a11.LOCN_NBR in (3021, 7133, 4460, 4741, 3415, 4176, 4726, 9392, 7134, 4113, 4334, 7187, 3981, 4034, 9542, 3380, 7677, 9589, 3600, 3361, 3643, 3954, 7257, 4150, 9536, 3521, 3486, 4407, 9147, 4772, 7341, 9733, 3050, 3071, 3339, 3499, 3522, 3990, 4361, 4470, 7235, 7602, 7209, 4444, 9146, 3172, 4479, 7746, 3093, 7109, 3885, 7217, 4373, 9662, 3862, 4871, 9416, 9414, 3175, 3884, 3027, 3060, 3393, 3737, 7198, 9409, 3141, 4054, 4445, 4770, 4771, 7120, 9463, 4928, 7075, 7676, 7535, 9255, 4713, 9166, 4478, 4936, 3318, 3268, 7142, 3390, 3800, 3873, 4807, 4313, 3146, 7713, 4090, 4062, 3131, 4084, 4897, 3324, 3544, 3160, 3340, 3654, 3798, 3807, 4399, 7415, 7717, 9620, 7754, 9648, 4898, 3713, 3359, 3646, 9625, 3083, 7718, 4739, 7616, 7719, 3715, 7354, 9513, 9571, 7064, 7437, 3808, 4758, 7060, 3822, 7046, 4016, 7274, 9320, 7607, 3143, 7090, 9622, 3744, 7460, 4757, 9619, 9549, 7063, 4093, 9621, 3154, 3801, 4988, 7254, 3941, 7255, 3194, 3219, 7160, 3606, 4198, 4760, 4317, 3223, 7071, 3957, 7062, 7028, 3457, 3573, 7321, 3381, 7294, 3269, 3317, 3793, 3818, 4295, 7335, 7233, 4245, 4311, 7147, 3841, 4065, 3013, 3243, 3278, 3589, 4257, 4875, 7383, 9676, 3155, 4000, 4163, 4177, 4206, 3556, 9096, 3819, 7736, 7083, 9693, 3824, 4229, 4939, 3886, 4872, 7626, 7582, 3022, 3689, 3555, 3198, 3484, 3724, 4188, 4937, 7644, 3410, 7397, 3407, 9124, 7622, 9538, 9695, 4964, 7431, 3147, 7243, 3850, 4232, 3057, 7477, 7430, 3103, 3218, 3220, 9030, 7174, 7246, 3170, 7023, 9220, 7767, 3781, 9065, 4057, 7216, 9557, 9689, 7068, 4353, 9593, 3820, 4170, 7649, 9586, 7306, 7318, 3720, 3750, 3864, 3585, 3371, 4214, 4381, 7289, 4018, 4297, 3814, 3088, 7583, 7042, 3097, 4130, 3534, 3692, 3774, 3851, 9243, 3233, 4465, 4158, 9309, 7021, 9532, 3239, 4215, 4427, 9647, 4781, 7304, 3812, 4433, 9105, 3241, 4048, 3137, 4304, 9338, 9353, 9680, 3358, 4171, 9119, 3491, 4201, 4205, 7347, 7016, 3475, 7755, 3044, 4972, 7017, 7309, 4782, 3128, 3933, 9711, 9582, 4473, 7623, 4128, 4809, 4389, 4708, 7077, 7642, 7061, 7223, 7296, 7653, 4736, 9751, 7029, 7139, 7030, 7033, 4147, 7207, 7006, 7034, 4439, 3839, 7331, 7390, 7916, 4435, 4455, 7580, 3133, 3413, 4178, 4253, 3888, 4136, 4332, 3894, 7329, 7000, 4453, 7107, 7412, 7425, 7426, 3301, 7024, 9153, 9225, 3945, 4751, 7287, 4721, 3582, 4819, 3345, 7471, 9608, 3412, 3725, 3748, 4340, 4349, 4457, 7098, 3076, 3678, 3106, 3127, 3368, 3483, 3834, 4371, 4421, 4706, 7165, 7625, 7639, 9328, 3375, 3095, 3719, 9389, 9819, 3695, 4996)
		 and a11.VEND_PACK_ID in (1990218, 1995507, 1995518, 2017614, 2020055, 2020056, 2022607, 2022702, 2022704, 2022722, 2032978, 2032979, 2033107, 2033115, 2033116, 2033160, 2033414, 2037430, 2043611, 2053306, 2053452, 2065068, 2065069, 2065070, 2065071, 2065072, 2065073, 2065074, 2065076, 2065077, 2065078, 2065079, 2065080, 2065082, 2065083, 2065100, 2065102, 2065103, 2065104, 2065105, 2065106, 2065107, 2065109, 2065110, 2065115, 2065116, 2065117, 2065118, 2065119, 2514735, 2514736, 2514737, 2514739, 2514740, 2514741, 2514743, 2514744, 2514745, 2514747, 2514748, 2514750, 2514751, 2514753, 2514754, 2514756, 2514757, 2514758, 2514759, 2514760, 2514761, 2531530, 2531531, 2531532, 2531533, 2531534, 2531535, 2531536, 2531538, 2531539, 2531541, 2531542, 2531543, 2531544, 2531545, 2531546, 2531547, 2531548, 2531549, 2531550, 2531551, 2531552, 2531554, 2531555, 2531556, 2531557, 2531558, 2531559, 2531560, 2531561, 2531562, 2531563, 2531564, 2531565, 2531566, 2531567, 2531568, 2531569, 2531570, 2531571, 2531572, 2531573, 2531574, 3419708, 3419719, 3419721, 3419722, 3419723, 4319474, 4319475, 4319476, 4319477, 4319478, 4319479, 4319480, 4319481, 4319482, 4319483, 4319484, 4319485, 4319486, 4319487, 4319488, 4319489, 4319490, 4319491, 4319492, 4319493, 4319494, 4522191, 4522194, 4522195, 4522196, 4522197, 4522198, 4522233, 4522234, 4522236, 4522243, 4929203, 4929204, 4929205, 4929206, 4929207, 4929208, 4929210, 4929212, 4929213, 4929214, 4929224, 4929225, 4929226, 4929227, 4929228, 4931294, 4931296, 4931297, 4931298, 4931299, 4931333, 4931352, 4931353, 4931354, 4931355, 4931357, 4931358, 4931359, 4931360, 4931389, 4931416, 4931417, 4931418, 4931419, 4931420, 4931579, 4931581, 4931589, 4931600, 4931601, 4931604, 4931606, 4931610, 4931612, 4931614, 4968535, 4968540, 4968545, 4968550, 4968552, 4968700, 4968706, 4968710, 4968714, 4968718, 4968730, 4968732, 4968733, 4968751, 4968754, 4968762, 4968827, 4968830, 4968835, 4968838, 4969057, 4969063, 4969068, 4969072, 4969074, 4969122, 4969125, 4969127, 4969129, 4969130, 4969156, 4969157, 4969158, 4969159, 4969160, 4969169, 4969172, 4969173, 4969174, 4969180, 4969181, 4969182, 4969183, 4969185, 4969186, 4969627, 4969628, 4969629, 4969632, 4969633, 5336313, 5336327, 5336329, 5336330, 5336337, 5336338, 5336339, 5336340, 5336341, 5336342, 5336352, 5336357, 5336360, 5336361, 5336378, 5336384, 5336388, 5336404, 5336417, 5336418, 5336532, 5336539, 5336578, 5336579, 5336582, 5336590, 5336594, 5336596, 5336598, 5336599, 5336641, 5336652, 5336654, 5336676, 5336686, 5336723, 5336726, 5336730, 5336735, 5336747, 5336755, 5336787, 5336800, 5336809, 5336828, 5336844, 5336846, 5336850, 5336880, 5336905, 5336926, 5336940, 5336941, 5336958, 5336965, 5336973, 5336978, 5337002, 5337012, 5337015, 7391904, 7392051, 7392121, 7392124, 7392143, 7392146, 7392151, 7392163, 7392171, 7392179, 7392189, 7392194, 7392196, 7392198, 7392200, 7392203, 7392213, 7392217, 7392226, 7392251, 7392261, 7392290, 7392307, 7392323, 7392324, 7392326, 7392332, 7392340, 7392342, 7392344, 7392347, 7392372, 7392379, 7392414, 7392442, 7392444, 7392449, 7392489, 7392519, 7392523, 7392589, 7392701, 7392708, 7392727, 7392739, 7392751, 7392755, 7392773, 7392851, 7392902, 7393216, 7393347, 7393350, 7393352, 7393378, 7393383, 7393412, 7393422, 7393427, 7393430, 7397713, 7397714, 7397715, 7397732, 7397825, 7397829, 7397838, 7397841, 7397844, 7397846, 7397847, 7397850, 7397858, 7397927, 7398029, 7398037, 7398039, 7398040, 7398041, 7398042, 7398045, 7398049, 7398051, 7398053, 7398059, 7398164, 7398167, 7398175, 7398191, 7398202, 7401849, 7401851, 7401854, 7401857, 7401885, 7401886, 7401887, 7401895, 7401901, 7401902, 7401922, 7401962, 7401963, 7401970, 7401976, 7401977, 7402030, 7402084, 7402246, 7402298, 7402375, 7402381, 7402383, 7402384, 7402387, 7402389, 7402391, 7402392, 7402434, 7402436, 7402441, 7402451, 7402465, 7402467, 7402531, 7402967, 7402973, 7402975, 7403032, 7403085, 7410600, 7410732, 7410735, 7410788, 7410843, 7410847, 7410902, 7410957, 7410963, 7411046, 7411095, 7411290, 7411344, 7411414, 7411419, 7411631, 7411633, 7411684, 7411688, 7411741, 7412185, 7412226, 7412294, 7412309, 7412363, 7412398, 7412442, 7412459, 7412497, 7412550, 7413397, 7413735, 7413737, 7413754, 7413760, 7413788, 7413794, 7413803, 7413814, 7413835, 7413867, 7413869, 7413873, 7413874, 7413925, 7413961, 7413966, 7413999, 7414017, 7414023, 7416305, 7416438, 7419583, 7419997, 7420053, 7420319, 7420361, 7420414, 7420467, 7420470, 7420532, 7420618, 7420643, 7420650, 7420664, 7420738, 7420752, 7420795, 7420875, 7420924, 7420976, 7421080, 7421081, 7421133, 7421184, 7421290, 7421299, 7421307, 7421315, 7421381, 7421391, 7421899, 7421910, 7421916, 7421925, 7421930, 7421935, 7421939, 7421947, 7421952, 7421977, 7431451, 7434196, 7434261, 7434318, 7434320, 7434657, 7434712, 7434788, 7434807, 7434906, 7434988, 7436534, 7436555, 7436558, 7436575, 7436576, 7436608, 7436621, 7436622, 7436629, 7436637, 7436660, 7436661, 7436665, 7436679, 7436695, 7436696, 7436706, 7436707, 7436708, 7436709, 7436711, 7436716, 7436720, 7436725, 7436726, 7436727, 7436728, 7436732, 7436742, 7436750, 7436753, 7436754, 7436755, 7655066, 7655067, 7655068, 7655069, 7655070, 7655071, 7655072, 7655073, 7655074, 7655075, 7655077, 7655080, 7655081, 7655082, 7655083, 7655084, 7655085, 7655086, 7655087, 7655088, 7655090, 7655091, 7655092, 7655093, 7655094, 7655095, 7655096, 7655097, 7655098, 7655099, 7888659, 7888660, 7888661, 7888662, 7888663, 7888664, 7888665, 7888666, 7888667, 7888668, 7888669, 7888670, 7888671, 7888672, 7943438, 7943439, 7943440, 7943441, 7943442, 7943443, 7943444, 7943445, 7943446, 7943451, 7943452, 7943453, 7943454, 7943455, 8001299, 8001300, 8001301, 8001302, 8001304, 8001306, 8001308, 8001767, 8001768, 8001769, 8001770, 8001772, 8001773, 8002028, 8002267, 8002519, 8002520, 8002521, 8002522, 8002523, 8002525, 8003349, 8003431, 8003432, 8003433, 8003434, 8003437, 8003438, 8003644, 8003724, 8003725, 8003727, 8003729, 8003730, 8003732, 8004205, 8004206, 8004207, 8004210, 8004212, 8004213, 8004214, 8223908, 8223909, 8223910, 8223912, 8223913, 8223914, 8223915, 8223916, 8223917, 8223918, 8223951, 8223952, 8223953, 8223954, 8223955, 8223956, 8223957, 8223958, 8223959, 8223960, 8223961, 8223962, 8223963, 8223964, 8223965, 8223966, 8223967, 8223968, 20692427, 20692429, 20692431, 20692432, 20692435, 20692437, 20692611, 20692613, 20692614, 20692615, 20692617, 20692618, 20692619, 20692620, 20692621, 20692622, 20692623, 20692624, 20692625, 20692627, 20692628, 20692629, 20692630, 20692631, 20692632, 20692633, 20692634, 20692635, 20692636, 20692637, 20692638, 20692639, 20692640, 27244711, 27244713, 27244714, 27244715, 27244716, 27244717, 27244718, 27244719, 27244720, 27244721, 27244722, 27244723, 27244724, 27244725, 27244726, 27244727, 27244729, 27244730, 27244731, 27244732, 27244733, 27244734, 27244735, 27244736, 27244737, 27244738, 27244739, 42872291, 42872292, 42872294, 42872295, 42872296, 42872297, 42872298, 42872299, 42872601, 42872602, 42872603, 42872604, 42872605, 42872606, 42872607, 42872608, 42872609, 42872610, 42872611, 42872612, 42872613, 52433612, 53261912, 53261913, 53261914, 53261915, 53261916, 53261917, 53261919, 53261920, 53261921, 53261922, 53261923, 53261924, 53261925, 53261926, 53261927, 53261928, 53261929, 53261931, 53261932, 53261933, 53261934, 92676711, 92676712, 92676713, 92676714, 92676715, 92676716, 92676717, 92676718, 92676719, 92676720, 92676721, 92676722, 92676723, 92676724, 92676725, 92676726, 92676727, 92676728, 92676729, 92676730, 92676731, 92676732, 92676733, 92676734, 92676812, 92676813, 92676814, 92676815, 92676816, 92676817, 92676819, 92676820, 92676821, 92676822, 92676823, 92676824, 92676825, 92676826, 92676827, 92676828, 92676829, 92676831, 92676832, 92676833, 92676834)
		 and (a11.TYLY_DESC in ('TY')
		 or (a11.TRS_TYP_CD in ('A', 'R', 'S')
		 and a11.TYLY_DESC in ('TY'))))
		group by	a11.WK_NBR,
			a12.MRCH_NBR,
			a11.LOCN_NBR
		)	pa01
	where	pa01.GODWFLAG5_1 = 1
	)	pa13
	  on 	(coalesce(pa11.LOCN_NBR, pa12.LOCN_NBR) = pa13.LOCN_NBR and 
	coalesce(pa11.MRCH_NBR, pa12.MRCH_NBR) = pa13.MRCH_NBR and 
	coalesce(pa11.WK_NBR, pa12.WK_NBR) = pa13.WK_NBR)
	join	(select	s211.MRCH_NBR  MRCH_NBR
	from	ALEX_ARP_VIEWS_PRD.LU_SHC_VENDOR_PACK	s211
	where	(s211.MRCH_NBR in (10000)
	 and s211.VEND_PACK_ID in (1990218, 1995507, 1995518, 2017614, 2020055, 2020056, 2022607, 2022702, 2022704, 2022722, 2032978, 2032979, 2033107, 2033115, 2033116, 2033160, 2033414, 2037430, 2043611, 2053306, 2053452, 2065068, 2065069, 2065070, 2065071, 2065072, 2065073, 2065074, 2065076, 2065077, 2065078, 2065079, 2065080, 2065082, 2065083, 2065100, 2065102, 2065103, 2065104, 2065105, 2065106, 2065107, 2065109, 2065110, 2065115, 2065116, 2065117, 2065118, 2065119, 2514735, 2514736, 2514737, 2514739, 2514740, 2514741, 2514743, 2514744, 2514745, 2514747, 2514748, 2514750, 2514751, 2514753, 2514754, 2514756, 2514757, 2514758, 2514759, 2514760, 2514761, 2531530, 2531531, 2531532, 2531533, 2531534, 2531535, 2531536, 2531538, 2531539, 2531541, 2531542, 2531543, 2531544, 2531545, 2531546, 2531547, 2531548, 2531549, 2531550, 2531551, 2531552, 2531554, 2531555, 2531556, 2531557, 2531558, 2531559, 2531560, 2531561, 2531562, 2531563, 2531564, 2531565, 2531566, 2531567, 2531568, 2531569, 2531570, 2531571, 2531572, 2531573, 2531574, 3419708, 3419719, 3419721, 3419722, 3419723, 4319474, 4319475, 4319476, 4319477, 4319478, 4319479, 4319480, 4319481, 4319482, 4319483, 4319484, 4319485, 4319486, 4319487, 4319488, 4319489, 4319490, 4319491, 4319492, 4319493, 4319494, 4522191, 4522194, 4522195, 4522196, 4522197, 4522198, 4522233, 4522234, 4522236, 4522243, 4929203, 4929204, 4929205, 4929206, 4929207, 4929208, 4929210, 4929212, 4929213, 4929214, 4929224, 4929225, 4929226, 4929227, 4929228, 4931294, 4931296, 4931297, 4931298, 4931299, 4931333, 4931352, 4931353, 4931354, 4931355, 4931357, 4931358, 4931359, 4931360, 4931389, 4931416, 4931417, 4931418, 4931419, 4931420, 4931579, 4931581, 4931589, 4931600, 4931601, 4931604, 4931606, 4931610, 4931612, 4931614, 4968535, 4968540, 4968545, 4968550, 4968552, 4968700, 4968706, 4968710, 4968714, 4968718, 4968730, 4968732, 4968733, 4968751, 4968754, 4968762, 4968827, 4968830, 4968835, 4968838, 4969057, 4969063, 4969068, 4969072, 4969074, 4969122, 4969125, 4969127, 4969129, 4969130, 4969156, 4969157, 4969158, 4969159, 4969160, 4969169, 4969172, 4969173, 4969174, 4969180, 4969181, 4969182, 4969183, 4969185, 4969186, 4969627, 4969628, 4969629, 4969632, 4969633, 5336313, 5336327, 5336329, 5336330, 5336337, 5336338, 5336339, 5336340, 5336341, 5336342, 5336352, 5336357, 5336360, 5336361, 5336378, 5336384, 5336388, 5336404, 5336417, 5336418, 5336532, 5336539, 5336578, 5336579, 5336582, 5336590, 5336594, 5336596, 5336598, 5336599, 5336641, 5336652, 5336654, 5336676, 5336686, 5336723, 5336726, 5336730, 5336735, 5336747, 5336755, 5336787, 5336800, 5336809, 5336828, 5336844, 5336846, 5336850, 5336880, 5336905, 5336926, 5336940, 5336941, 5336958, 5336965, 5336973, 5336978, 5337002, 5337012, 5337015, 7391904, 7392051, 7392121, 7392124, 7392143, 7392146, 7392151, 7392163, 7392171, 7392179, 7392189, 7392194, 7392196, 7392198, 7392200, 7392203, 7392213, 7392217, 7392226, 7392251, 7392261, 7392290, 7392307, 7392323, 7392324, 7392326, 7392332, 7392340, 7392342, 7392344, 7392347, 7392372, 7392379, 7392414, 7392442, 7392444, 7392449, 7392489, 7392519, 7392523, 7392589, 7392701, 7392708, 7392727, 7392739, 7392751, 7392755, 7392773, 7392851, 7392902, 7393216, 7393347, 7393350, 7393352, 7393378, 7393383, 7393412, 7393422, 7393427, 7393430, 7397713, 7397714, 7397715, 7397732, 7397825, 7397829, 7397838, 7397841, 7397844, 7397846, 7397847, 7397850, 7397858, 7397927, 7398029, 7398037, 7398039, 7398040, 7398041, 7398042, 7398045, 7398049, 7398051, 7398053, 7398059, 7398164, 7398167, 7398175, 7398191, 7398202, 7401849, 7401851, 7401854, 7401857, 7401885, 7401886, 7401887, 7401895, 7401901, 7401902, 7401922, 7401962, 7401963, 7401970, 7401976, 7401977, 7402030, 7402084, 7402246, 7402298, 7402375, 7402381, 7402383, 7402384, 7402387, 7402389, 7402391, 7402392, 7402434, 7402436, 7402441, 7402451, 7402465, 7402467, 7402531, 7402967, 7402973, 7402975, 7403032, 7403085, 7410600, 7410732, 7410735, 7410788, 7410843, 7410847, 7410902, 7410957, 7410963, 7411046, 7411095, 7411290, 7411344, 7411414, 7411419, 7411631, 7411633, 7411684, 7411688, 7411741, 7412185, 7412226, 7412294, 7412309, 7412363, 7412398, 7412442, 7412459, 7412497, 7412550, 7413397, 7413735, 7413737, 7413754, 7413760, 7413788, 7413794, 7413803, 7413814, 7413835, 7413867, 7413869, 7413873, 7413874, 7413925, 7413961, 7413966, 7413999, 7414017, 7414023, 7416305, 7416438, 7419583, 7419997, 7420053, 7420319, 7420361, 7420414, 7420467, 7420470, 7420532, 7420618, 7420643, 7420650, 7420664, 7420738, 7420752, 7420795, 7420875, 7420924, 7420976, 7421080, 7421081, 7421133, 7421184, 7421290, 7421299, 7421307, 7421315, 7421381, 7421391, 7421899, 7421910, 7421916, 7421925, 7421930, 7421935, 7421939, 7421947, 7421952, 7421977, 7431451, 7434196, 7434261, 7434318, 7434320, 7434657, 7434712, 7434788, 7434807, 7434906, 7434988, 7436534, 7436555, 7436558, 7436575, 7436576, 7436608, 7436621, 7436622, 7436629, 7436637, 7436660, 7436661, 7436665, 7436679, 7436695, 7436696, 7436706, 7436707, 7436708, 7436709, 7436711, 7436716, 7436720, 7436725, 7436726, 7436727, 7436728, 7436732, 7436742, 7436750, 7436753, 7436754, 7436755, 7655066, 7655067, 7655068, 7655069, 7655070, 7655071, 7655072, 7655073, 7655074, 7655075, 7655077, 7655080, 7655081, 7655082, 7655083, 7655084, 7655085, 7655086, 7655087, 7655088, 7655090, 7655091, 7655092, 7655093, 7655094, 7655095, 7655096, 7655097, 7655098, 7655099, 7888659, 7888660, 7888661, 7888662, 7888663, 7888664, 7888665, 7888666, 7888667, 7888668, 7888669, 7888670, 7888671, 7888672, 7943438, 7943439, 7943440, 7943441, 7943442, 7943443, 7943444, 7943445, 7943446, 7943451, 7943452, 7943453, 7943454, 7943455, 8001299, 8001300, 8001301, 8001302, 8001304, 8001306, 8001308, 8001767, 8001768, 8001769, 8001770, 8001772, 8001773, 8002028, 8002267, 8002519, 8002520, 8002521, 8002522, 8002523, 8002525, 8003349, 8003431, 8003432, 8003433, 8003434, 8003437, 8003438, 8003644, 8003724, 8003725, 8003727, 8003729, 8003730, 8003732, 8004205, 8004206, 8004207, 8004210, 8004212, 8004213, 8004214, 8223908, 8223909, 8223910, 8223912, 8223913, 8223914, 8223915, 8223916, 8223917, 8223918, 8223951, 8223952, 8223953, 8223954, 8223955, 8223956, 8223957, 8223958, 8223959, 8223960, 8223961, 8223962, 8223963, 8223964, 8223965, 8223966, 8223967, 8223968, 20692427, 20692429, 20692431, 20692432, 20692435, 20692437, 20692611, 20692613, 20692614, 20692615, 20692617, 20692618, 20692619, 20692620, 20692621, 20692622, 20692623, 20692624, 20692625, 20692627, 20692628, 20692629, 20692630, 20692631, 20692632, 20692633, 20692634, 20692635, 20692636, 20692637, 20692638, 20692639, 20692640, 27244711, 27244713, 27244714, 27244715, 27244716, 27244717, 27244718, 27244719, 27244720, 27244721, 27244722, 27244723, 27244724, 27244725, 27244726, 27244727, 27244729, 27244730, 27244731, 27244732, 27244733, 27244734, 27244735, 27244736, 27244737, 27244738, 27244739, 42872291, 42872292, 42872294, 42872295, 42872296, 42872297, 42872298, 42872299, 42872601, 42872602, 42872603, 42872604, 42872605, 42872606, 42872607, 42872608, 42872609, 42872610, 42872611, 42872612, 42872613, 52433612, 53261912, 53261913, 53261914, 53261915, 53261916, 53261917, 53261919, 53261920, 53261921, 53261922, 53261923, 53261924, 53261925, 53261926, 53261927, 53261928, 53261929, 53261931, 53261932, 53261933, 53261934, 92676711, 92676712, 92676713, 92676714, 92676715, 92676716, 92676717, 92676718, 92676719, 92676720, 92676721, 92676722, 92676723, 92676724, 92676725, 92676726, 92676727, 92676728, 92676729, 92676730, 92676731, 92676732, 92676733, 92676734, 92676812, 92676813, 92676814, 92676815, 92676816, 92676817, 92676819, 92676820, 92676821, 92676822, 92676823, 92676824, 92676825, 92676826, 92676827, 92676828, 92676829, 92676831, 92676832, 92676833, 92676834))
	group by	s211.MRCH_NBR
	)	pa14
	  on 	(coalesce(pa11.MRCH_NBR, pa12.MRCH_NBR, pa13.MRCH_NBR) = pa14.MRCH_NBR)
	join	ALEX_ARP_VIEWS_PRD.LU_SHC_LOCATION	a15
	  on 	(coalesce(pa11.LOCN_NBR, pa12.LOCN_NBR, pa13.LOCN_NBR) = a15.LOCN_NBR)
	join	ALEX_ARP_VIEWS_PRD.LU_SHC_WEEKS	a16
	  on 	(coalesce(pa11.WK_NBR, pa12.WK_NBR, pa13.WK_NBR) = a16.WK_NBR)
where	(coalesce(pa11.WK_NBR, pa12.WK_NBR, pa13.WK_NBR) in (201608)
 and coalesce(pa11.LOCN_NBR, pa12.LOCN_NBR, pa13.LOCN_NBR) in (3021, 7133, 4460, 4741, 3415, 4176, 4726, 9392, 7134, 4113, 4334, 7187, 3981, 4034, 9542, 3380, 7677, 9589, 3600, 3361, 3643, 3954, 7257, 4150, 9536, 3521, 3486, 4407, 9147, 4772, 7341, 9733, 3050, 3071, 3339, 3499, 3522, 3990, 4361, 4470, 7235, 7602, 7209, 4444, 9146, 3172, 4479, 7746, 3093, 7109, 3885, 7217, 4373, 9662, 3862, 4871, 9416, 9414, 3175, 3884, 3027, 3060, 3393, 3737, 7198, 9409, 3141, 4054, 4445, 4770, 4771, 7120, 9463, 4928, 7075, 7676, 7535, 9255, 4713, 9166, 4478, 4936, 3318, 3268, 7142, 3390, 3800, 3873, 4807, 4313, 3146, 7713, 4090, 4062, 3131, 4084, 4897, 3324, 3544, 3160, 3340, 3654, 3798, 3807, 4399, 7415, 7717, 9620, 7754, 9648, 4898, 3713, 3359, 3646, 9625, 3083, 7718, 4739, 7616, 7719, 3715, 7354, 9513, 9571, 7064, 7437, 3808, 4758, 7060, 3822, 7046, 4016, 7274, 9320, 7607, 3143, 7090, 9622, 3744, 7460, 4757, 9619, 9549, 7063, 4093, 9621, 3154, 3801, 4988, 7254, 3941, 7255, 3194, 3219, 7160, 3606, 4198, 4760, 4317, 3223, 7071, 3957, 7062, 7028, 3457, 3573, 7321, 3381, 7294, 3269, 3317, 3793, 3818, 4295, 7335, 7233, 4245, 4311, 7147, 3841, 4065, 3013, 3243, 3278, 3589, 4257, 4875, 7383, 9676, 3155, 4000, 4163, 4177, 4206, 3556, 9096, 3819, 7736, 7083, 9693, 3824, 4229, 4939, 3886, 4872, 7626, 7582, 3022, 3689, 3555, 3198, 3484, 3724, 4188, 4937, 7644, 3410, 7397, 3407, 9124, 7622, 9538, 9695, 4964, 7431, 3147, 7243, 3850, 4232, 3057, 7477, 7430, 3103, 3218, 3220, 9030, 7174, 7246, 3170, 7023, 9220, 7767, 3781, 9065, 4057, 7216, 9557, 9689, 7068, 4353, 9593, 3820, 4170, 7649, 9586, 7306, 7318, 3720, 3750, 3864, 3585, 3371, 4214, 4381, 7289, 4018, 4297, 3814, 3088, 7583, 7042, 3097, 4130, 3534, 3692, 3774, 3851, 9243, 3233, 4465, 4158, 9309, 7021, 9532, 3239, 4215, 4427, 9647, 4781, 7304, 3812, 4433, 9105, 3241, 4048, 3137, 4304, 9338, 9353, 9680, 3358, 4171, 9119, 3491, 4201, 4205, 7347, 7016, 3475, 7755, 3044, 4972, 7017, 7309, 4782, 3128, 3933, 9711, 9582, 4473, 7623, 4128, 4809, 4389, 4708, 7077, 7642, 7061, 7223, 7296, 7653, 4736, 9751, 7029, 7139, 7030, 7033, 4147, 7207, 7006, 7034, 4439, 3839, 7331, 7390, 7916, 4435, 4455, 7580, 3133, 3413, 4178, 4253, 3888, 4136, 4332, 3894, 7329, 7000, 4453, 7107, 7412, 7425, 7426, 3301, 7024, 9153, 9225, 3945, 4751, 7287, 4721, 3582, 4819, 3345, 7471, 9608, 3412, 3725, 3748, 4340, 4349, 4457, 7098, 3076, 3678, 3106, 3127, 3368, 3483, 3834, 4371, 4421, 4706, 7165, 7625, 7639, 9328, 3375, 3095, 3719, 9389, 9819, 3695, 4996))
group by	coalesce(pa11.MRCH_NBR, pa12.MRCH_NBR, pa13.MRCH_NBR),
	coalesce(pa11.LOCN_NBR, pa12.LOCN_NBR, pa13.LOCN_NBR),
	coalesce(pa11.WK_NBR, pa12.WK_NBR, pa13.WK_NBR)